389578987896389740569069223767629364912657781627386743617266478438957898789638974056906922376762936491265778162738674361726647843895789878963897405690692237676293649126577816273867436172664784389578987896389740569069223767629364912657781627386743617266478438957898789638974056906922376762936491265778162738674361726647843895789878963897405690692237676293649126577816273867436172664784
  38957898789638974056906922376762936491265778162738674361726647843895789878963897405690692237676293649126577816273867436172664784389578987896389740569069223767629364912657781627386743617266478438957898789638974056906922376762936491265778162738674361726647843895789878963897405690692237676293649126577816273867436172664784
    38957898789638974056906922376762936491265778162738674361726647843895789878963897405690692237676293649126577816273867436172664784389578987896389740569069223767629364912657781627386743617266478438957898789638974056906922376762936491265778162738674361726647843895789878963897405690692237676293649126577816273867436172664784
    38957898789638974056906922376762936491265778162738674361726647843895789878963897405690692237676293649126577816273867436172664784389578987896389740569069223767629364912657781627386743617266478438957898789638974056906922376762936491265778162738674361726647843895789878963897405690692237676293649126577816273867436172664784
    38957898789638974056906922376762936491265778162738674361726647843895789878963897405690692237676293649126577816273867436172664784389578987896389740569069223767629364912657781627386743617266478438957898789638974056906922376762936491265778162738674361726647843895789878963897405690692237676293649126577816273867436172664784
    38957898789638974056906922376762936491265778162738674361726647843895789878963897405690692237676293649126577816273867436172664784389578987896389740569069223767629364912657781627386743617266478438957898789638974056906922376762936491265778162738674361726647843895789878963897405690692237676293649126577816273867436172664784
    389578987896389740569069223767629364912657781627386743617266478438957898789638974056906922376762936491265778162738674361726647843895789878963897405690692237676293649126577816273867436172664784389578987896389740569069223767629364912657781627386743617266478438957898789638974056906922376762936491265778162738674361726647843895789878963897405690692237676293649126577816273867436172664784
    38957898789638974056906922376762936491265778162738674361726647843895789878963897405690692237676293649126577816273867436172664784389578987896389740569069223767629364912657781627386743617266478438957898789638974056906922376762936491265778162738674361726647843895789878963897405690692237676293649126577816273867436172664784
    3895789878963897405690692237676293649126577816273867436172664784389578987896389740569069223767629364912657781627386743617266478438957898789638974056906922376762936491265778162738674361726647843895789878963897405690692237676293649126577816273867436172664784
    38957898789638974056906922376762936491265778162738674361726647843895789878963897405690692237676293649126577816273867436172664784389578987896389740569069223767629364912657781627386743617266478438957898789638974056906922376762936491265778162738674361726647843895789878963897405690692237676293649126577816273867436172664784
    3895789878963897405690692237676293649126577816273867436172664784389578987896389740569069223767629364912657781627386743617266478438957898789638974056906922376762936491265778162738674361726647843895789878963897405690692237676293649126577816273867436172664784
    389578987896389740569069223767629364912657781627386743617266478438957898789638974056906922376762936491265778162738674361726647843895789878963897405690692237676293649126577816273867436172664784
    3895789878963897405690692237676293649126577816273867436172664784389578987896389740569069223767629364912657781627386743617266478438957898789638974056906922376762936491265778162738674361726647843895789878963897405690692237676293649126577816273867436172664784
    389578987896389740569069223767629364912657781627386743617266478438957898789638974056906922376762936491265778162738674361726647843895789878963897405690692237676293649126577816273867436172664784
    38957898789638974056906922376762936491265778162738674361726647843895789878963897405690692237676293649126577816273867436172664784
    38957898789638974056906922376762936491265778162738674361726647843895789878963897405690692237676293649126577816273867436172664784
    3895789878963897405690692237676293649126577816273867436172664784
    3895789878963897405690692237676293649126577816273867436172664784
    3895789878963897405690692237676293649126577816273867436172664784
    3895789878963897405690692237676293649126577816273867436172664784

    3895789878963897405690692237676293649126577816273867436172664784
    3895789878963897405690692237676293649126577816273867436172664784
    389578987896389740569069223767629364912657781627386743617266478438957898789638974056906922376762936491265778162738674361726647843895789878963897405690692237676293649126577816273867436172664784
    389578987896389740569069223767629364912657781627386743617266478438957898789638974056906922376762936491265778162738674361726647843895789878963897405690692237676293649126577816273867436172664784
    389578987896389740569069223767629364912657781627386743617266478438957898789638974056906922376762936491265778162738674361726647843895789878963897405690692237676293649126577816273867436172664784
    38957898789638974056906922376762936491265778162738674361726647843895789878963897405690692237676293649126577816273867436172664784
    389578987896389740569069223767629364912657781627386743617266478438957898789638974056906922376762936491265778162738674361726647843895789878963897405690692237676293649126577816273867436172664784
    38957898789638974056906922376762936491265778162738674361726647843895789878963897405690692237676293649126577816273867436172664784
    38957898789638974056906922376762936491265778162738674361726647843895789878963897405690692237676293649126577816273867436172664784
    389578987896389740569069223767629364912657781627386743617266478438957898789638974056906922376762936491265778162738674361726647843895789878963897405690692237676293649126577816273867436172664784
    389578987896389740569069223767629364912657781627386743617266478438957898789638974056906922376762936491265778162738674361726647843895789878963897405690692237676293649126577816273867436172664784
    389578987896389740569069223767629364912657781627386743617266478438957898789638974056906922376762936491265778162738674361726647843895789878963897405690692237676293649126577816273867436172664784
